  1  branching fractions for product nuclide level formation, 8/7/89 wbw
  2   SOURCES code lebel branchings; data sources:
  3    3-li-7  threshold for 1st. excited level is 5.51 MeV, WAG @ 6.5 MeV
  4    4-be-09, Geiger and Van der Zwan, NRC of Canada PXNR 2404(may, 1976)
  5    5- b-10, GNASH calculations 1988 Bozoian
  6    5- b-10, GNASH calculations 1985 Wilson
  7    5- b-11, GNASH calculations 1988 Bozoian
  8    5- b-11, GNASH calculations 1985 Wilson
  9    6- c-13, GNASH calculations 1988 Bozoian
 10    6- c-13, D.L. Lessor and R.E. Schenter, Battelle Pacific Northwest
 11             Laboratories Report BNWL-B-109(1971)--model calculations--
 12    8- o-17, GNASH calculations 1988 Bozoian
 13    8- o-17, D.L. Lessor and R.E. Schenter, Battelle Pacific Northwest
 14             Laboratories Report BNWL-B-109(1971)--model calculations--
 15            (6.2mev branchings o-17,-18 estimated)
 16    5- o-18, GNASH calculations 1988 Bozoian
 17    8- o-18, D.L. Lessor and R.E. Schenter, Battelle Pacific Northwest
 18             Laboratories Report BNWL-B-109(1971)--model calculations--
 19            (6.2mev branchings o-17,-18 estimated)
 20    9- f-19, GNASH calculations 1983 Wilson
 21   11-Na-23, GNASH calculations 1988 Bozoian
 22   12-Mg-25, GNASH calculations 1988 Bozoian
 23   12-Mg-26, GNASH calculations 1988 Bozoian
 24   13-Al-27, GNASH calculations 1988 Bozoian
 25   14-Si-29, GNASH calculations 1988 Bozoian
 26   14-Si-30, GNASH calculations 1988 Bozoian
 27   15-P -31 threshold for first level is above 6.5 MeV
      17-Cl-37, GNASH calculations 1988 Bozoian
00030070  2  3                Thresholds                  *
-2.79     0.        0.7183
0.        1.        0.
5.51304   1.        0.
6.5       0.8       0.2
00040090  5130                Geiger and Van der Zwan     *
5.70152   0.        4.4391      7.6540    9.641     1.
   .0       .33       .67
  1.5       .33       .67
  1.55      .31       .69
  1.6       .21       .79
  1.65      .18       .82
  1.7       .163      .837
  1.75      .155      .845
  1.8       .165      .835
  1.85      .166      .834
  1.9       .177      .823
  1.95      .211      .789
  2.        .281      .719
  2.05      .381      .619
  2.1       .433      .567
  2.15      .482      .518
  2.2       .541      .459
  2.25      .607      .393
  2.3       .636      .364
  2.35      .661      .339
  2.4       .6        .4
  2.45      .637      .363
  2.5       .594      .406
  2.55      .538      .462
  2.6       .493      .507
  2.65      .436      .564
  2.7       .394      .606
  2.75      .367      .633
  2.8       .367      .633
  2.85      .411      .589
  2.9       .43       .57
  2.95      .445      .555
  3.        .441      .551      .008
  3.05      .402      .588      .010
  3.1       .4        .589      .011
  3.15      .382      .605      .013
  3.2       .344      .641      .015
  3.25      .315      .669      .016
  3.3       .296      .688      .016
  3.35      .322      .665      .013
  3.4       .345      .645      .010
  3.45      .369      .621      .010
  3.5       .410      .581      .009
  3.55      .444      .547      .009
  3.6       .496      .496      .008
  3.65      .521      .473      .006
  3.7       .507      .480      .013
  3.75      .523      .448      .029
  3.8       .533      .406      .061
  3.85      .515      .378      .107
  3.9       .493      .355      .152
  3.95      .416      .417      .167
  4.        .247      .630      .123
  4.05      .290      .558      .152
  4.1       .316      .512      .172
  4.15      .331      .486      .183
  4.2       .333      .476      .191
  4.25      .305      .507      .188
  4.3       .281      .539      .180
  4.35      .260      .574      .166
  4.4       .250      .579      .154      .0        .017
  4.45      .241      .585      .158      .0        .026
  4.5       .232      .593      .141      .0        .034
  4.55      .213      .607      .137      .0        .043
  4.6       .193      .618      .135      .0        .054
  4.65      .170      .628      .137      .0        .065
  4.7       .177      .616      .132      .0        .075
  4.75      .177      .600      .126      .0        .097
  4.8       .164      .591      .127      .0        .118
  4.85      .135      .595      .134      .0        .136
  4.9       .146      .603      .122      .0        .129
  4.95      .139      .626      .109      .0        .126
  5.        .152      .628      .095      .0        .125
  5.05      .126      .653      .084      .0        .137
  5.1       .091      .662      .081      .0        .166
  5.15      .115      .619      .081      .0        .186
  5.2       .119      .600      .081      .0        .200
  5.25      .116      .589      .083      .0        .212
  5.3       .094      .589      .084      .0        .233
  5.35      .090      .569      .082      .0        .259
  5.4       .089      .548      .080      .0        .283
  5.45      .082      .540      .075      .0        .303
  5.5       .076      .537      .070      .0        .317
  5.55      .071      .534      .069      .0        .326
  5.6       .068      .525      .071      .0        .336
  5.65      .067      .514      .069      .0        .350
  5.7       .056      .521      .066      .0        .357
  5.75      .053      .521      .062      .0        .364
  5.8       .056      .512      .057      .0        .375
  5.85      .064      .472      .057      .0        .407
  5.9       .076      .430      .054      .0        .440
  5.95      .076      .418      .053      .0        .453
  6.        .072      .406      .046      .010      .466
  6.05      .061      .392      .046      .014      .487
  6.1       .060      .371      .047      .017      .506
  6.15      .060      .351      .050      .019      .520
  6.2       .059      .331      .054      .022      .534
  6.25      .058      .311      .062      .024      .545
  6.3       .055      .299      .056      .029      .561
  6.35      .051      .284      .051      .031      .583
  6.4       .052      .270      .057      .033      .588
  6.45      .053      .262      .068      .033      .584
  6.5       .049      .252      .075      .038      .586
  6.55      .046      .241      .083      .041      .589
  6.6       .043      .229      .088      .044      .596
  6.65      .042      .219      .085      .048      .606
  6.7       .044      .209      .078      .051      .618
  6.75      .042      .209      .066      .053      .630
  6.8       .031      .205      .065      .056      .643
  6.85      .032      .200      .068      .058      .642
  6.9       .038      .198      .070      .059      .635
  6.95      .040      .195      .072      .060      .634
  7.0       .043      .191      .073      .060      .633
  7.05      .050      .179      .075      .062      .634
  7.1       .056      .167      .077      .064      .636
  7.15      .045      .167      .078      .067      .643
  7.2       .035      .165      .078      .069      .653
  7.25      .035      .154      .076      .072      .663
  7.3       .034      .145      .073      .075      .673
  7.35      .032      .141      .067      .078      .682
  7.4       .030      .145      .062      .081      .682
  7.45      .031      .160      .061      .081      .667
  7.5       .035      .170      .062      .080      .654
  7.55      .042      .173      .063      .078      .644
  7.6       .047      .177      .064      .077      .635
  7.65      .048      .181      .066      .076      .629
  7.7       .050      .184      .066      .075      .625
  7.75      .051      .187      .067      .075      .620
  7.8       .051      .186      .063      .075      .625
  7.85      .051      .186      .059      .076      .628
  7.9       .054      .184      .055      .076      .631
00050100  4 23           Bozoian GNASH Calculations, FY89 *
   1.05966     0.000     2.365     3.511     3.547
   0.000    1.000000  0.000000  0.000000  0.000000
   1.827    1.000000  0.000000  0.000000  0.000000
   2.000    0.973311  0.026689  0.000000  0.000000
   2.250    0.956378  0.043622  0.000000  0.000000
   2.500    0.940726  0.059274  0.000000  0.000000
   2.750    0.926213  0.073787  0.000000  0.000000
   3.000    0.906087  0.093913  0.000000  0.000000
   3.250    0.875383  0.124617  0.000000  0.000000
   3.432    0.850829  0.149171  0.000000  0.000000
   3.482    0.755957  0.140989  0.103054  0.000000
   3.500    0.672804  0.126132  0.119901  0.081164
   3.750    0.447544  0.095960  0.140016  0.316480
   4.000    0.414024  0.102535  0.146664  0.336776
   4.250    0.396817  0.110523  0.148964  0.343696
   4.500    0.379063  0.117086  0.154187  0.349664
   4.750    0.351103  0.119019  0.166617  0.363261
   5.000    0.315182  0.116839  0.183668  0.384311
   5.250    0.285357  0.115191  0.196270  0.403182
   5.500    0.261367  0.114408  0.205369  0.418856
   5.750    0.241378  0.114352  0.211869  0.432401
   6.000    0.224204  0.114635  0.216345  0.444816
   6.250    0.208534  0.115567  0.218677  0.457222
   6.500    0.194986  0.116650  0.219899  0.468465
00050100 12 52                GNASH, WBW 1985             *
  1.059000  0.000000  2.365000  3.511000  3.547000  6.360000  6.890000  7.155000
  7.380000  8.000000  8.920000  9.000000  9.480000
  0.        1.
 
  1.827     1.
 
  2.500000   .906315   .093685  0.000000  0.000000  0.000000  0.000000  0.000000
  0.000000  0.000000  0.000000  0.000000  0.000000
  2.600000   .888507   .111493  0.000000  0.000000  0.000000  0.000000  0.000000
  0.000000  0.000000  0.000000  0.000000  0.000000
  2.700000   .871678   .128322  0.000000  0.000000  0.000000  0.000000  0.000000
  0.000000  0.000000  0.000000  0.000000  0.000000
  2.800000   .855267   .144733  0.000000  0.000000  0.000000  0.000000  0.000000
  0.000000  0.000000  0.000000  0.000000  0.000000
  2.900000   .839068   .160932  0.000000  0.000000  0.000000  0.000000  0.000000
  0.000000  0.000000  0.000000  0.000000  0.000000
  3.000000   .824525   .175475  0.000000  0.000000  0.000000  0.000000  0.000000
  0.000000  0.000000  0.000000  0.000000  0.000000
  3.100000   .811948   .188052  0.000000  0.000000  0.000000  0.000000  0.000000
  0.000000  0.000000  0.000000  0.000000  0.000000
  3.200000   .800950   .199050  0.000000  0.000000  0.000000  0.000000  0.000000
  0.000000  0.000000  0.000000  0.000000  0.000000
  3.300000   .791234   .208766  0.000000  0.000000  0.000000  0.000000  0.000000
  0.000000  0.000000  0.000000  0.000000  0.000000
  3.400000   .782617   .217383  0.000000  0.000000  0.000000  0.000000  0.000000
  0.000000  0.000000  0.000000  0.000000  0.000000
  3.500000   .746382   .215997   .014902   .022719  0.000000  0.000000  0.000000
  0.000000  0.000000  0.000000  0.000000  0.000000
  3.600000   .684668   .204416   .027227   .083689  0.000000  0.000000  0.000000
  0.000000  0.000000  0.000000  0.000000  0.000000
  3.700000   .646360   .198445   .040158   .115037  0.000000  0.000000  0.000000
  0.000000  0.000000  0.000000  0.000000  0.000000
  3.800000   .611093   .191972   .053709   .143227  0.000000  0.000000  0.000000
  0.000000  0.000000  0.000000  0.000000  0.000000
  3.900000   .578566   .185167   .066875   .169391  0.000000  0.000000  0.000000
  0.000000  0.000000  0.000000  0.000000  0.000000
  4.000000   .548006   .178091   .080382   .193522  0.000000  0.000000  0.000000
  0.000000  0.000000  0.000000  0.000000  0.000000
  4.100000   .518595   .170777   .093936   .216692  0.000000  0.000000  0.000000
  0.000000  0.000000  0.000000  0.000000  0.000000
  4.200000   .490847   .163568   .106921   .238664  0.000000  0.000000  0.000000
  0.000000  0.000000  0.000000  0.000000  0.000000
  4.300000   .465725   .157047   .118763   .258465  0.000000  0.000000  0.000000
  0.000000  0.000000  0.000000  0.000000  0.000000
  4.400000   .442971   .151088   .129939   .276002  0.000000  0.000000  0.000000
  0.000000  0.000000  0.000000  0.000000  0.000000
  4.500000   .421991   .145500   .140724   .291786  0.000000  0.000000  0.000000
  0.000000  0.000000  0.000000  0.000000  0.000000
  4.600000   .402963   .140339   .150479   .306219  0.000000  0.000000  0.000000
  0.000000  0.000000  0.000000  0.000000  0.000000
  4.700000   .386301   .135871   .159090   .318739  0.000000  0.000000  0.000000
  0.000000  0.000000  0.000000  0.000000  0.000000
  4.800000   .371608   .132223   .166702   .329467  0.000000  0.000000  0.000000
  0.000000  0.000000  0.000000  0.000000  0.000000
  4.900000   .358663   .129213   .173488   .338636  0.000000  0.000000  0.000000
  0.000000  0.000000  0.000000  0.000000  0.000000
  5.000000   .347228   .126720   .179600   .346452  0.000000  0.000000  0.000000
  0.000000  0.000000  0.000000  0.000000  0.000000
  5.250000   .324059   .122105   .192256   .361580  0.000000  0.000000  0.000000
  0.000000  0.000000  0.000000  0.000000  0.000000
  5.500000   .307396   .119830   .201534   .371240  0.000000  0.000000  0.000000
  0.000000  0.000000  0.000000  0.000000  0.000000
  5.750000   .294999   .119947   .208478   .376576  0.000000  0.000000  0.000000
  0.000000  0.000000  0.000000  0.000000  0.000000
  6.000000   .285672   .121353   .213708   .379267  0.000000  0.000000  0.000000
  0.000000  0.000000  0.000000  0.000000  0.000000
  6.250000   .278773   .123611   .217564   .380051  0.000000  0.000000  0.000000
  0.000000  0.000000  0.000000  0.000000  0.000000
  6.500000   .273063   .126458   .220806   .379673  0.000000  0.000000  0.000000
  0.000000  0.000000  0.000000  0.000000  0.000000
  6.750000   .267843   .129878   .223496   .378783  0.000000  0.000000  0.000000
  0.000000  0.000000  0.000000  0.000000  0.000000
  7.000000   .263278   .134122   .225434   .377166  0.000000  0.000000  0.000000
  0.000000  0.000000  0.000000  0.000000  0.000000
  7.250000   .258140   .139085   .227382   .375392  0.000000  0.000000  0.000000
  0.000000  0.000000  0.000000  0.000000  0.000000
  7.500000   .250434   .143544   .227574   .371333   .007115  0.000000  0.000000
  0.000000  0.000000  0.000000  0.000000  0.000000
  7.750000   .241112   .146653   .226087   .365095   .021053  0.000000  0.000000
  0.000000  0.000000  0.000000  0.000000  0.000000
  8.000000   .231394   .148643   .224068   .358344   .037551  0.000000  0.000000
  0.000000  0.000000  0.000000  0.000000  0.000000
  8.250000   .220583   .149036   .220905   .350203   .056515   .002758  0.000000
  0.000000  0.000000  0.000000  0.000000  0.000000
  8.500000   .209366   .148181   .217213   .341620   .075349   .008271  0.000000
  0.000000  0.000000  0.000000  0.000000  0.000000
  8.750000   .194416   .144238   .210016   .327476   .091020   .014989   .017844
  0.000000  0.000000  0.000000  0.000000  0.000000
  9.000000   .179780   .138972   .202162   .313161   .102766   .022748   .031917
   .008494  0.000000  0.000000  0.000000  0.000000
  9.250000   .166172   .133692   .194573   .300065   .111158   .030475   .046647
   .017218  0.000000  0.000000  0.000000  0.000000
  9.500000   .153996   .128770   .187214   .287930   .116389   .037491   .061180
   .027029  0.000000  0.000000  0.000000  0.000000
  9.750000   .143145   .124117   .180116   .276589   .119369   .043212   .074624
   .037988   .000839  0.000000  0.000000  0.000000
 10.000000   .133794   .119802   .173477   .265541   .120615   .047830   .085711
   .049066   .004163  0.000000  0.000000  0.000000
 10.500000   .119277   .112386   .162522   .247939   .121164   .053585   .102386
   .067921   .012819  0.000000  0.000000  0.000000
 11.000000   .109249   .105794   .155278   .235041   .121101   .057169   .112036
   .080900   .023432  0.000000  0.000000  0.000000
 11.500000   .100710   .098617   .148856   .223834   .120588   .058991   .116952
   .088117   .032195   .002111   .009028  0.000000
 12.000000   .093988   .091692   .143304   .212764   .119943   .060403   .118689
   .091591   .038217   .005154   .022003   .002251
00050110  4 17           Bozoian GNASH Calculations, FY89 *
   0.15797     0.000     2.313     3.948     4.915
     0.000  1.000000  0.000000  0.000000  0.000000
     2.939  1.000000  0.000000  0.000000  0.000000
     3.000  0.967833  0.032167  0.000000  0.000000
     3.250  0.946511  0.053489  0.000000  0.000000
     3.500  0.941603  0.058397  0.000000  0.000000
     3.750  0.939368  0.060632  0.000000  0.000000
     4.000  0.936332  0.063668  0.000000  0.000000
     4.250  0.929092  0.070908  0.000000  0.000000
     4.500  0.918049  0.081951  0.000000  0.000000
     4.750  0.908261  0.091739  0.000000  0.000000
     5.000  0.899587  0.100413  0.000000  0.000000
     5.168  0.894263  0.105737  0.000000  0.000000
     5.250  0.833595  0.099741  0.066664  0.000000
     5.500  0.799218  0.102396  0.098386  0.000000
     6.000  0.768646  0.111508  0.119846  0.000000
     6.250  0.754251  0.115654  0.130095  0.000000
     6.500  0.733551  0.118241  0.146223  0.001986
00050110 16 47                GNASH, WBW 1985             *
   .158000  0.000000  2.312900  3.947800  4.915000  5.105900  5.690000  5.832000
  6.204000  6.444000  7.028000  7.967000  8.062000  8.488000  8.618000  8.790000
  8.909000
  0.        1.0
 
 
  2.939000  1.000000  0.000000  0.000000  0.000000  0.000000  0.000000  0.000000
  0.000000  0.000000  0.000000  0.000000  0.000000  0.000000  0.000000  0.000000
  0.000000
  3.000000   .994956   .005044  0.000000  0.000000  0.000000  0.000000  0.000000
  0.000000  0.000000  0.000000  0.000000  0.000000  0.000000  0.000000  0.000000
  0.000000
  3.100000   .990102   .009898  0.000000  0.000000  0.000000  0.000000  0.000000
  0.000000  0.000000  0.000000  0.000000  0.000000  0.000000  0.000000  0.000000
  0.000000
  3.200000   .985033   .014967  0.000000  0.000000  0.000000  0.000000  0.000000
  0.000000  0.000000  0.000000  0.000000  0.000000  0.000000  0.000000  0.000000
  0.000000
  3.300000   .979436   .020564  0.000000  0.000000  0.000000  0.000000  0.000000
  0.000000  0.000000  0.000000  0.000000  0.000000  0.000000  0.000000  0.000000
  0.000000
  3.400000   .973547   .026453  0.000000  0.000000  0.000000  0.000000  0.000000
  0.000000  0.000000  0.000000  0.000000  0.000000  0.000000  0.000000  0.000000
  0.000000
  3.500000   .967126   .032874  0.000000  0.000000  0.000000  0.000000  0.000000
  0.000000  0.000000  0.000000  0.000000  0.000000  0.000000  0.000000  0.000000
  0.000000
  3.600000   .960191   .039809  0.000000  0.000000  0.000000  0.000000  0.000000
  0.000000  0.000000  0.000000  0.000000  0.000000  0.000000  0.000000  0.000000
  0.000000
  3.700000   .953012   .046988  0.000000  0.000000  0.000000  0.000000  0.000000
  0.000000  0.000000  0.000000  0.000000  0.000000  0.000000  0.000000  0.000000
  0.000000
  3.800000   .945946   .054054  0.000000  0.000000  0.000000  0.000000  0.000000
  0.000000  0.000000  0.000000  0.000000  0.000000  0.000000  0.000000  0.000000
  0.000000
  3.900000   .938897   .061103  0.000000  0.000000  0.000000  0.000000  0.000000
  0.000000  0.000000  0.000000  0.000000  0.000000  0.000000  0.000000  0.000000
  0.000000
  4.000000   .931827   .068173  0.000000  0.000000  0.000000  0.000000  0.000000
  0.000000  0.000000  0.000000  0.000000  0.000000  0.000000  0.000000  0.000000
  0.000000
  4.100000   .925111   .074889  0.000000  0.000000  0.000000  0.000000  0.000000
  0.000000  0.000000  0.000000  0.000000  0.000000  0.000000  0.000000  0.000000
  0.000000
  4.200000   .918856   .081144  0.000000  0.000000  0.000000  0.000000  0.000000
  0.000000  0.000000  0.000000  0.000000  0.000000  0.000000  0.000000  0.000000
  0.000000
  4.300000   .913041   .086959  0.000000  0.000000  0.000000  0.000000  0.000000
  0.000000  0.000000  0.000000  0.000000  0.000000  0.000000  0.000000  0.000000
  0.000000
  4.400000   .907648   .092352  0.000000  0.000000  0.000000  0.000000  0.000000
  0.000000  0.000000  0.000000  0.000000  0.000000  0.000000  0.000000  0.000000
  0.000000
  4.500000   .902648   .097352  0.000000  0.000000  0.000000  0.000000  0.000000
  0.000000  0.000000  0.000000  0.000000  0.000000  0.000000  0.000000  0.000000
  0.000000
  4.600000   .898046   .101954  0.000000  0.000000  0.000000  0.000000  0.000000
  0.000000  0.000000  0.000000  0.000000  0.000000  0.000000  0.000000  0.000000
  0.000000
  4.700000   .893852   .106148  0.000000  0.000000  0.000000  0.000000  0.000000
  0.000000  0.000000  0.000000  0.000000  0.000000  0.000000  0.000000  0.000000
  0.000000
  4.800000   .890145   .109855  0.000000  0.000000  0.000000  0.000000  0.000000
  0.000000  0.000000  0.000000  0.000000  0.000000  0.000000  0.000000  0.000000
  0.000000
  4.900000   .886853   .113147  0.000000  0.000000  0.000000  0.000000  0.000000
  0.000000  0.000000  0.000000  0.000000  0.000000  0.000000  0.000000  0.000000
  0.000000
  5.000000   .883914   .116086  0.000000  0.000000  0.000000  0.000000  0.000000
  0.000000  0.000000  0.000000  0.000000  0.000000  0.000000  0.000000  0.000000
  0.000000
  5.250000   .867404   .120428   .012167  0.000000  0.000000  0.000000  0.000000
  0.000000  0.000000  0.000000  0.000000  0.000000  0.000000  0.000000  0.000000
  0.000000
  5.500000   .853881   .115837   .030281  0.000000  0.000000  0.000000  0.000000
  0.000000  0.000000  0.000000  0.000000  0.000000  0.000000  0.000000  0.000000
  0.000000
  5.750000   .832642   .115536   .051822  0.000000  0.000000  0.000000  0.000000
  0.000000  0.000000  0.000000  0.000000  0.000000  0.000000  0.000000  0.000000
  0.000000
  6.000000   .807858   .114505   .077637  0.000000  0.000000  0.000000  0.000000
  0.000000  0.000000  0.000000  0.000000  0.000000  0.000000  0.000000  0.000000
  0.000000
  6.250000   .782141   .112983   .104876  0.000000  0.000000  0.000000  0.000000
  0.000000  0.000000  0.000000  0.000000  0.000000  0.000000  0.000000  0.000000
  0.000000
  6.500000   .757919   .111258   .130544   .000279  0.000000  0.000000  0.000000
  0.000000  0.000000  0.000000  0.000000  0.000000  0.000000  0.000000  0.000000
  0.000000
  6.750000   .733864   .109790   .152280   .003610   .000457  0.000000  0.000000
  0.000000  0.000000  0.000000  0.000000  0.000000  0.000000  0.000000  0.000000
  0.000000
  7.000000   .694407   .106112   .165422   .007351   .026709  0.000000  0.000000
  0.000000  0.000000  0.000000  0.000000  0.000000  0.000000  0.000000  0.000000
  0.000000
  7.250000   .659527   .102821   .173700   .011953   .051999  0.000000  0.000000
  0.000000  0.000000  0.000000  0.000000  0.000000  0.000000  0.000000  0.000000
  0.000000
  7.500000   .624209   .099540   .177716   .016677   .081858  0.000000  0.000000
  0.000000  0.000000  0.000000  0.000000  0.000000  0.000000  0.000000  0.000000
  0.000000
  7.750000   .584291   .095474   .176970   .020846   .111108   .008092   .003219
  0.000000  0.000000  0.000000  0.000000  0.000000  0.000000  0.000000  0.000000
  0.000000
  8.000000   .529873   .089570   .169842   .023570   .133845   .016426   .036874
  0.000000  0.000000  0.000000  0.000000  0.000000  0.000000  0.000000  0.000000
  0.000000
  8.250000   .482510   .084652   .162582   .025454   .150478   .025997   .068012
   .000315  0.000000  0.000000  0.000000  0.000000  0.000000  0.000000  0.000000
  0.000000
  8.500000   .436217   .079563   .153639   .026064   .160255   .035161   .101643
   .007458  0.000000  0.000000  0.000000  0.000000  0.000000  0.000000  0.000000
  0.000000
  8.750000   .389173   .073796   .142597   .025917   .161727   .042859   .130967
   .013120   .019845  0.000000  0.000000  0.000000  0.000000  0.000000  0.000000
  0.000000
  9.000000   .349448   .068689   .134035   .025480   .160541   .048607   .156123
   .019840   .037238  0.000000  0.000000  0.000000  0.000000  0.000000  0.000000
  0.000000
  9.250000   .315775   .064047   .126572   .024794   .157619   .052524   .174645
   .026707   .057316  0.000000  0.000000  0.000000  0.000000  0.000000  0.000000
  0.000000
  9.500000   .286123   .059543   .119285   .023974   .152664   .054464   .186379
   .032927   .078709   .005934  0.000000  0.000000  0.000000  0.000000  0.000000
  0.000000
  9.750000   .261651   .055710   .113269   .023233   .148083   .055301   .192218
   .037817   .099748   .012971  0.000000  0.000000  0.000000  0.000000  0.000000
  0.000000
 10.000000   .241731   .052604   .108691   .022574   .144312   .055702   .194106
   .041600   .117007   .021675  0.000000  0.000000  0.000000  0.000000  0.000000
  0.000000
 10.500000   .211883   .048251   .103560   .021977   .138712   .055860   .191126
   .045981   .139608   .043043  0.000000  0.000000  0.000000  0.000000  0.000000
  0.000000
 11.000000   .189319   .045033   .101501   .021758   .135814   .055871   .184682
   .047626   .148190   .060730   .007154   .002322  0.000000  0.000000  0.000000
  0.000000
 11.500000   .170218   .041954   .099038   .021808   .133252   .055918   .176128
   .047864   .147971   .070677   .019250   .007567   .008355  0.000000  0.000000
  0.000000
 12.000000   .152036   .038348   .094856   .021880   .130399   .055333   .165775
   .046812   .141812   .073382   .032062   .013768   .029306   .001092   .000510
   .002628
00060130  5 11           Bozoian GNASH Calculations, FY89 *
   2.21555     0.000     6.049     6.130     6.917     7.117
     0.000  1.000000  0.000000  0.000000  0.000000  0.000000
     5.013  1.000000  0.000000  0.000000  0.000000  0.000000
     5.119  0.960212  0.039788  0.000000  0.000000  0.000000
     5.250  0.787761  0.046618  0.165621  0.000000  0.000000
     5.500  0.714286  0.054179  0.231535  0.000000  0.000000
     5.750  0.659941  0.059275  0.280783  0.000000  0.000000
     6.000  0.614469  0.063667  0.321864  0.000000  0.000000
     6.151  0.586884  0.065866  0.344924  0.002326  0.000000
     6.250  0.518348  0.062628  0.340645  0.078378  0.000000
     6.410  0.478453  0.062083  0.352227  0.107236  0.000000
     6.500  0.440243  0.058922  0.348206  0.111263  0.041366
00060130  3  7                Lessor & Schenter           *
2.2155    0.        6.049     6.1304
0.0       1.0       0.0       0.0
5.014     1.0       0.0       0.0
5.120     0.971     0.029     0.0
5.18      0.758     0.027     0.215
5.23      0.680     0.034     0.286
5.31      0.644     0.038     0.318
5.65      0.475     0.039     0.486
00080170  6 27           Bozoian GNASH Calculations, FY89 *
   0.58664     0.000     1.634     4.247     4.968     5.662     5.785
     0.000  1.000000  0.000000  0.000000  0.000000  0.000000  0.000000
    1.2936  1.000000  0.000000  0.000000  0.000000  0.000000  0.000000
     1.294  0.933166  0.066834  0.000000  0.000000  0.000000  0.000000
     1.500  0.381222  0.618778  0.000000  0.000000  0.000000  0.000000
     1.750  0.320746  0.679254  0.000000  0.000000  0.000000  0.000000
     2.000  0.300551  0.699449  0.000000  0.000000  0.000000  0.000000
     2.250  0.292712  0.707288  0.000000  0.000000  0.000000  0.000000
     2.500  0.287694  0.712306  0.000000  0.000000  0.000000  0.000000
     2.750  0.283761  0.716239  0.000000  0.000000  0.000000  0.000000
     3.000  0.276484  0.723516  0.000000  0.000000  0.000000  0.000000
     3.250  0.267084  0.732916  0.000000  0.000000  0.000000  0.000000
     3.500  0.256816  0.743184  0.000000  0.000000  0.000000  0.000000
     3.750  0.245381  0.754619  0.000000  0.000000  0.000000  0.000000
     4.000  0.231821  0.768179  0.000000  0.000000  0.000000  0.000000
     4.250  0.216834  0.783166  0.000000  0.000000  0.000000  0.000000
     4.500  0.203601  0.796399  0.000000  0.000000  0.000000  0.000000
     4.522  0.201777  0.791323  0.006900  0.000000  0.000000  0.000000
     4.750  0.175160  0.672952  0.151888  0.000000  0.000000  0.000000
     5.000  0.162052  0.644005  0.193943  0.000000  0.000000  0.000000
     5.250  0.151556  0.619551  0.228893  0.000000  0.000000  0.000000
     5.412  0.145250  0.602875  0.249451  0.002425  0.000000  0.000000
     5.500  0.135957  0.569302  0.251710  0.043031  0.000000  0.000000
     6.000  0.119092  0.509331  0.295939  0.075638  0.000000  0.000000
     6.220  0.114396  0.486455  0.316646  0.082502  0.000000  0.000000
     6.250  0.113780  0.483191  0.319497  0.083532  0.000000  0.000000
     6.422  0.104025  0.440387  0.319066  0.082577  0.053275  0.000670
     6.500  0.100070  0.425506  0.321142  0.082593  0.059934  0.010756
00080170  4 17                Lessor & Schenter           *
 0.58664  0.        1.6338    4.247     4.968
 0.       1.0       0.0       0.0       0.0
 1.294    1.0       0.0       0.0       0.0
 1.7      0.14      0.86      0.0       0.0
 1.8      0.21      0.79      0.0       0.0
 1.87     0.22      0.78      0.0       0.0
 2.0      0.23      0.77      0.0       0.0
 2.19     0.27      0.73      0.0       0.0
 3.0      0.23      0.77      0.0       0.0
 3.3      0.18      0.82      0.0       0.0
 4.0      0.16      0.84      0.0       0.0
 4.521    0.17      0.83      0.0       0.0
 4.596    0.13      0.63      0.24      0.0
 4.7      0.11      0.58      0.31      0.0
 5.0      0.10      0.56      0.34      0.0
 5.412    0.09      0.51      0.40      0.0
 5.6      0.07      0.44      0.41      0.08
 6.2      0.05      0.4       0.45      0.1
00080180  6 31           Bozoian GNASH Calculations, FY89 *
  -0.69642     0.000     0.351     1.746     2.788     2.791     3.661
     0.000  0.000000  0.000000  0.000000  0.000000  0.000000  0.000000
     1.250  1.000000  0.000000  0.000000  0.000000  0.000000  0.000000
     1.280  0.995489  0.004511  0.000000  0.000000  0.000000  0.000000
     1.500  0.845942  0.154058  0.000000  0.000000  0.000000  0.000000
     1.750  0.753494  0.246506  0.000000  0.000000  0.000000  0.000000
     2.000  0.697677  0.302323  0.000000  0.000000  0.000000  0.000000
     2.250  0.661209  0.338791  0.000000  0.000000  0.000000  0.000000
     2.500  0.639513  0.360487  0.000000  0.000000  0.000000  0.000000
     2.985  0.599682  0.399617  0.000702  0.000000  0.000000  0.000000
     3.000  0.597393  0.399434  0.003173  0.000000  0.000000  0.000000
     3.250  0.571555  0.409059  0.019386  0.000000  0.000000  0.000000
     3.500  0.549589  0.417397  0.033015  0.000000  0.000000  0.000000
     3.750  0.529640  0.421345  0.049015  0.000000  0.000000  0.000000
     4.000  0.509358  0.423639  0.067003  0.000000  0.000000  0.000000
     4.250  0.488755  0.425455  0.085790  0.000000  0.000000  0.000000
     4.259  0.486340  0.424345  0.086313  0.003002  0.000000  0.000000
     4.354  0.432734  0.391678  0.088868  0.065240  0.021479  0.000000
     4.500  0.408736  0.382785  0.098540  0.081155  0.028785  0.000000
     4.750  0.385143  0.378531  0.117384  0.084875  0.034068  0.000000
     5.000  0.366570  0.374738  0.137307  0.083553  0.037831  0.000000
     5.250  0.349511  0.369972  0.157138  0.082194  0.041185  0.000000
     5.327  0.343872  0.368023  0.162992  0.081401  0.041994  0.001717
     5.415  0.329441  0.359353  0.167543  0.075546  0.041300  0.026817
     5.500  0.321787  0.355712  0.173337  0.073627  0.041569  0.033968
     5.597  0.314498  0.352475  0.180249  0.072572  0.042139  0.038068
     5.750  0.304074  0.347818  0.191310  0.071961  0.043303  0.041534
     6.000  0.288739  0.339075  0.208541  0.072189  0.045317  0.046140
     6.250  0.276071  0.328984  0.223905  0.073186  0.047379  0.050475
     6.268  0.275228  0.328267  0.224890  0.073277  0.047525  0.050814
     6.381  0.270162  0.323827  0.230705  0.073921  0.048422  0.052964
     6.500  0.265252  0.319785  0.236392  0.074343  0.049327  0.054901
00080180  3 15                Lessor & Schenter           *
-0.69642  0.0       0.3505    1.7456
 0.       1.0       0.0       0.0
 1.261    1.0       0.0       0.0
 2.0      0.57      0.43      0.0
 2.985    0.51      0.49      0.0
 3.3      0.45      0.47      0.08
 3.65     0.33      0.34      0.33
 3.69     0.32      0.32      0.36
 3.81     0.31      0.31      0.38
 3.90     0.32      0.32      0.36
 4.15     0.33      0.33      0.34
 4.41     0.35      0.36      0.29
 4.48     0.33      0.33      0.34
 5.0      0.27      0.28      0.45
 5.55     0.24      0.25      0.51
 6.2      0.22      0.23      0.55
00090190 11 41                GNASH                       *
-1.951    0.        0.583     0.657     0.891     1.5281    1.9369    1.9519
 1.9840   2.2115    2.5715    2.9690
 0.       1.
 
 3.066    1.        0.
 
 3.1      0.90561   0.09431
 
 3.156    0.80148   0.19852   0.
 
 3.2      0.70944   0.24412   0.04644
 
 3.3      0.58775   0.31002   0.10223
 
 3.4      0.52396   0.34412   0.13192
 
 3.439    0.50690   0.35368   0.13942   0.
 
 3.5      0.47839   0.36414   0.14759   0.00988
 
 3.6      0.44169   0.37566   0.15767   0.02498
 
 3.7      0.41527   0.38085   0.16428   0.03960
 
 3.8      0.39765   0.37859   0.16719   0.05657
 
 3.9      0.38722   0.37438   0.16713   0.07127
 
 4.0      0.38049   0.36908   0.16490   0.08553
 
 4.1      0.37637   0.36311   0.16170   0.09882
 
 4.2      0.37472   0.35656   0.15811   0.11061
 
 4.210    0.37468   0.35587   0.15773   0.11172   0.
 
 4.3      0.37278   0.34835   0.15371   0.11933   0.00583
 
 4.4      0.37066   0.33995   0.14874   0.12787   0.01278
 
 4.5      0.36859   0.33178   0.14388   0.13604   0.01971
 
 4.6      0.36668   0.32392   0.13938   0.14344   0.02658
 
 4.7      0.36487   0.31646   0.13523   0.14989   0.03355
 
 4.705    0.36478   0.31609   0.13503   0.15020   0.03390   0.
 
 4.723    0.36364   0.31257   0.13335   0.15067   0.03500   0.00577   0.
 
 4.762    0.35235   0.30065   0.12813   0.14975   0.03692   0.01740   0.01480
 0.
 4.8      0.33947   0.28805   0.12265   0.14750   0.03840   0.02692   0.02719
 0.00982
 4.9      0.31400   0.26118   0.11079   0.14311   0.04190   0.04609   0.05179
 0.03114
 5.0      0.29545   0.23984   0.10112   0.14062   0.04518   0.05986   0.07000
 0.04793
 5.037    0.28983   0.23307   0.09801   0.14009   0.04640   0.06389   0.07544
 0.05327  0.
 5.1      0.27829   0.21875   0.09145   0.13836   0.04811   0.06897   0.08283
 0.06081  0.01243
 5.2      0.26198   0.19922   0.08258   0.13590   0.05070   0.07517   0.09256
 0.07141  0.03048
 5.3      0.24862   0.18325   0.07537   0.13409   0.05320   0.07946   0.10005
 0.08052  0.04544
 5.4      0.23814   0.17043   0.06960   0.13321   0.05557   0.08198   0.10538
 0.08811  0.05758
 5.473    0.23203   0.16260   0.06608   0.13314   0.05726   0.08292   0.10801
 0.09240  0.06547   0.
 5.5      0.22916   0.15929   0.06464   0.13284   0.05781   0.08277   0.10832
 0.09352  0.06790   0.00375
 5.6      0.21950   0.14814   0.05974   0.13212   0.06008   0.08183   0.10863
 0.09647  0.07536   0.01813
 5.7      0.21134   0.13866   0.05556   0.13193   0.06260   0.08058   0.10831
 0.09861  0.08030   0.03211
 5.8      0.20500   0.13085   0.05211   0.13243   0.06541   0.07920   0.10771
 0.10038  0.08293   0.04398
 5.9      0.20002   0.12426   0.04918   0.13341   0.06840   0.07759   0.10670
 0.10173  0.08410   0.05461
 5.9302   0.19873   0.12245   0.04842   0.13380   0.06933   0.07705   0.10631
 0.10204  0.08428   0.05759   0.
 6.0      0.19482   0.11799   0.04643   0.13407   0.07114   0.07554   0.10480
 0.10192  0.08405   0.06360   0.00564
00110230  8 17           Bozoian GNASH Calculations, FY89 *
  -2.96853  0.        0.229     0.418     1.059     1.760     1.852     2.072
 2.080
     0.000  1.000000  0.000000  0.000000  0.000000  0.000000  0.000000  0.000000
  0.000000
     3.753  1.000000  0.000000  0.000000  0.000000  0.000000  0.000000  0.000000
  0.000000
     3.974  0.714277  0.285723  0.000000  0.000000  0.000000  0.000000  0.000000
  0.000000
     4.000  0.589400  0.251265  0.159335  0.000000  0.000000  0.000000  0.000000
  0.000000
     4.250  0.322535  0.175474  0.501991  0.000000  0.000000  0.000000  0.000000
  0.000000
     4.500  0.301373  0.160268  0.538359  0.000000  0.000000  0.000000  0.000000
  0.000000
     4.727  0.307313  0.147059  0.545628  0.000000  0.000000  0.000000  0.000000
  0.000000
     4.750  0.304932  0.142222  0.536365  0.016480  0.000000  0.000000  0.000000
  0.000000
     5.000  0.305359  0.106095  0.462810  0.125736  0.000000  0.000000  0.000000
  0.000000
     5.250  0.326019  0.089225  0.422400  0.162356  0.000000  0.000000  0.000000
  0.000000
     5.500  0.347005  0.080067  0.398722  0.174207  0.000000  0.000000  0.000000
  0.000000
     5.550  0.350992  0.078792  0.395382  0.174834  0.000000  0.000000  0.000000
  0.000000
     5.658  0.348459  0.072949  0.373013  0.166504  0.039075  0.000000  0.000000
  0.000000
     5.750  0.335728  0.067133  0.343885  0.155149  0.062365  0.035740  0.000000
  0.000000
     6.000  0.309604  0.054591  0.282955  0.127805  0.092506  0.090672  0.020027
  0.021840
     6.250  0.293164  0.043998  0.234938  0.104101  0.095944  0.107883  0.053744
  0.066229
     6.500  0.294335  0.038030  0.211866  0.091139  0.093704  0.114242  0.068524
  0.088160
00120250 12 33           Bozoian GNASH Calculations, FY89 *
   2.65393     0.000     1.779     4.614     4.975     6.272     6.690     6.878
     6.887     7.382     7.415     7.798     7.932
     0.000  0.22      0.78      0.000000  0.000000  0.000000  0.000000  0.000000
  0.000000  0.000000  0.000000  0.000000  0.000000
     0.750  0.218819  0.781181  0.000000  0.000000  0.000000  0.000000  0.000000
  0.000000  0.000000  0.000000  0.000000  0.000000
     1.000  0.219320  0.780680  0.000000  0.000000  0.000000  0.000000  0.000000
  0.000000  0.000000  0.000000  0.000000  0.000000
     1.250  0.215014  0.784986  0.000000  0.000000  0.000000  0.000000  0.000000
  0.000000  0.000000  0.000000  0.000000  0.000000
     1.500  0.216550  0.783450  0.000000  0.000000  0.000000  0.000000  0.000000
  0.000000  0.000000  0.000000  0.000000  0.000000
     1.750  0.217553  0.782447  0.000000  0.000000  0.000000  0.000000  0.000000
  0.000000  0.000000  0.000000  0.000000  0.000000
     2.000  0.218519  0.781481  0.000000  0.000000  0.000000  0.000000  0.000000
  0.000000  0.000000  0.000000  0.000000  0.000000
     2.250  0.219515  0.780485  0.000000  0.000000  0.000000  0.000000  0.000000
  0.000000  0.000000  0.000000  0.000000  0.000000
     2.278  0.219255  0.776906  0.003839  0.000000  0.000000  0.000000  0.000000
  0.000000  0.000000  0.000000  0.000000  0.000000
     2.500  0.150799  0.621722  0.227479  0.000000  0.000000  0.000000  0.000000
  0.000000  0.000000  0.000000  0.000000  0.000000
     2.697  0.143950  0.569748  0.286087  0.000215  0.000000  0.000000  0.000000
  0.000000  0.000000  0.000000  0.000000  0.000000
     2.750  0.142312  0.559929  0.294498  0.003262  0.000000  0.000000  0.000000
  0.000000  0.000000  0.000000  0.000000  0.000000
     3.000  0.138459  0.529944  0.317306  0.014291  0.000000  0.000000  0.000000
  0.000000  0.000000  0.000000  0.000000  0.000000
     3.250  0.140469  0.516419  0.320696  0.022416  0.000000  0.000000  0.000000
  0.000000  0.000000  0.000000  0.000000  0.000000
     3.500  0.162523  0.537191  0.274761  0.025525  0.000000  0.000000  0.000000
  0.000000  0.000000  0.000000  0.000000  0.000000
     3.750  0.161967  0.531578  0.277654  0.028801  0.000000  0.000000  0.000000
  0.000000  0.000000  0.000000  0.000000  0.000000
     4.000  0.153468  0.513405  0.301349  0.031778  0.000000  0.000000  0.000000
  0.000000  0.000000  0.000000  0.000000  0.000000
     4.202  0.146577  0.498221  0.320338  0.033502  0.001362  0.000000  0.000000
  0.000000  0.000000  0.000000  0.000000  0.000000
     4.250  0.142636  0.486492  0.319609  0.033477  0.017785  0.000000  0.000000
  0.000000  0.000000  0.000000  0.000000  0.000000
     4.500  0.126738  0.440847  0.320333  0.033254  0.078828  0.000000  0.000000
  0.000000  0.000000  0.000000  0.000000  0.000000
     4.683  0.118312  0.418416  0.323892  0.033101  0.106279  0.000000  0.000000
  0.000000  0.000000  0.000000  0.000000  0.000000
     4.750  0.115115  0.410260  0.325981  0.032699  0.113899  0.002047  0.000000
  0.000000  0.000000  0.000000  0.000000  0.000000
     4.901  0.108759  0.394402  0.332472  0.031770  0.126744  0.005853  0.000000
  0.000000  0.000000  0.000000  0.000000  0.000000
     4.912  0.107960  0.391986  0.331908  0.031640  0.127059  0.006080  0.003291
  0.000076  0.000000  0.000000  0.000000  0.000000
     5.000  0.100333  0.366378  0.317860  0.030470  0.125962  0.007643  0.026837
  0.024517  0.000000  0.000000  0.000000  0.000000
     5.250  0.085390  0.317522  0.295925  0.027937  0.121732  0.010801  0.070028
  0.070666  0.000000  0.000000  0.000000  0.000000
     5.483  0.076491  0.289646  0.287432  0.026397  0.117989  0.012299  0.092800
  0.096946  0.000000  0.000000  0.000000  0.000000
     5.500  0.075864  0.287727  0.286930  0.026243  0.117695  0.012325  0.093935
  0.098400  0.000880  0.000000  0.000000  0.000000
     5.526  0.074890  0.284765  0.286143  0.025991  0.117226  0.012339  0.095503
  0.100484  0.002458  0.000200  0.000000  0.000000
     5.750  0.066343  0.258856  0.279178  0.023577  0.111881  0.011874  0.101992
  0.112315  0.012669  0.021314  0.000000  0.000000
     6.000  0.059763  0.240309  0.278132  0.021876  0.108658  0.011349  0.102746
  0.119697  0.019157  0.034521  0.003793  0.000000
     6.250  0.053001  0.220577  0.275260  0.019978  0.103215  0.010673  0.098105
  0.121862  0.021708  0.039950  0.026607  0.009065
     6.500  0.047916  0.206022  0.274082  0.018558  0.099679  0.010180  0.094870
  0.124553  0.022200  0.041230  0.039895  0.020816
00120260  5 31           Bozoian GNASH Calculations, FY89 *
  0.034729     0.000     1.273     2.028     2.426     3.067
     0.000  1.000000  0.000000  0.000000  0.000000  0.000000
     1.429  1.000000  0.000000  0.000000  0.000000  0.000000
     1.500  0.839076  0.160924  0.000000  0.000000  0.000000
     1.750  0.676413  0.323587  0.000000  0.000000  0.000000
     2.000  0.620981  0.379019  0.000000  0.000000  0.000000
     2.250  0.593534  0.406466  0.000000  0.000000  0.000000
     2.300  0.589914  0.410086  0.000000  0.000000  0.000000
     2.500  0.309723  0.503038  0.187239  0.000000  0.000000
     2.759  0.293431  0.445471  0.261098  0.000000  0.000000
     3.000  0.268856  0.375604  0.244345  0.111195  0.000000
     3.250  0.283501  0.337320  0.222801  0.156378  0.000000
     3.499  0.362246  0.295435  0.183215  0.159104  0.000000
     3.500  0.362361  0.295367  0.183140  0.159132  0.000000
     3.750  0.334333  0.278934  0.173996  0.164383  0.048353
     4.000  0.292231  0.272156  0.183300  0.173789  0.078525
     4.141  0.272614  0.267434  0.188555  0.178164  0.093232
     4.250  0.259354  0.264236  0.192976  0.180391  0.103043
     4.500  0.234587  0.256354  0.201557  0.184409  0.123093
     4.668  0.220954  0.251473  0.206724  0.186005  0.134843
     4.750  0.214869  0.249773  0.209583  0.186133  0.139642
     5.000  0.198361  0.245794  0.217821  0.185746  0.152278
     5.250  0.185597  0.242615  0.224888  0.184630  0.162270
     5.430  0.178073  0.240770  0.229640  0.183830  0.167686
     5.500  0.175524  0.239852  0.231187  0.183677  0.169759
     5.544  0.173967  0.239392  0.232255  0.183520  0.170865
     5.608  0.171700  0.238732  0.233791  0.183368  0.172410
     5.733  0.167791  0.237251  0.236528  0.183115  0.175315
     5.750  0.167276  0.237068  0.236916  0.183076  0.175664
     6.000  0.159483  0.234261  0.242957  0.182465  0.180834
     6.250  0.151743  0.231324  0.249024  0.181709  0.186200
     6.500  0.145058  0.228419  0.254118  0.180951  0.191454
00130270 10 21           Bozoian GNASH Calculations, FY89 *
  -2.63635     0.000     0.677     0.709     1.454     1.973     2.538     2.723
     2.839     2.938     3.019
     0.000  1.000000  0.000000  0.000000  0.000000  0.000000  0.000000  0.000000
     0.     0.        0.
     3.804  1.000000  0.000000  0.000000  0.000000  0.000000  0.000000  0.000000
     0.     0.        0.
     3.841  0.986913  0.013087  0.000000  0.000000  0.000000  0.000000  0.000000
     0.     0.        0.
     4.000  0.791368  0.047547  0.161085  0.000000  0.000000  0.000000  0.000000
     0.     0.        0.
     4.250  0.651055  0.071912  0.277033  0.000000  0.000000  0.000000  0.000000
     0.     0.        0.
     4.500  0.584910  0.084193  0.330898  0.000000  0.000000  0.000000  0.000000
     0.     0.        0.
     4.696  0.559690  0.090182  0.350128  0.000000  0.000000  0.000000  0.000000
     0.     0.        0.
     4.750  0.507732  0.084057  0.322819  0.085392  0.000000  0.000000  0.000000
     0.     0.        0.
     5.000  0.388752  0.070427  0.258238  0.282583  0.000000  0.000000  0.000000
     0.     0.        0.
     5.250  0.343977  0.066318  0.234348  0.355358  0.000000  0.000000  0.000000
     0.     0.        0.
     5.292  0.339437  0.066046  0.232207  0.362310  0.000000  0.000000  0.000000
     0.     0.        0.
     5.500  0.259298  0.053956  0.182978  0.301876  0.201892  0.000000  0.000000
     0.     0.        0.
     5.750  0.225526  0.049572  0.163329  0.270385  0.291188  0.000000  0.000000
     0.     0.        0.
     5.941  0.213632  0.048425  0.157063  0.256989  0.323891  0.000000  0.000000
     0.     0.        0.
     6.000  0.204673  0.046899  0.151237  0.246137  0.317556  0.033497  0.000000
     0.     0.        0.
     6.154  0.188285  0.044198  0.140693  0.226693  0.302978  0.097153  0.000000
     0.     0.        0.
     6.250  0.177227  0.042075  0.133116  0.213547  0.289486  0.121152  0.023396
     0.     0.        0.
     6.287  0.173741  0.041413  0.130764  0.209467  0.284996  0.128663  0.030956
     0.     0.        0.
     6.400  0.163018  0.039243  0.123388  0.197415  0.270536  0.146567  0.049196
  0.010637  0.000000  0.000000
     6.493  0.153495  0.037178  0.116661  0.186563  0.257319  0.155008  0.058765
  0.017200  0.017811  0.000000
     6.500  0.152780  0.037016  0.116141  0.185763  0.256357  0.155463  0.059358
  0.017611  0.018986  0.000527
00140290  3 11           Bozoian GNASH Calculations, FY89 *
  -1.52498     0.000     2.237     3.780
     0.000  1.000000  0.000000  0.000000
     4.281  1.000000  0.000000  0.000000
     4.500  0.589310  0.410690  0.000000
     4.750  0.448600  0.551400  0.000000
     5.000  0.379188  0.620812  0.000000
     5.250  0.341429  0.658571  0.000000
     5.500  0.317912  0.682088  0.000000
     5.750  0.299785  0.700215  0.000000
     6.000  0.284080  0.715920  0.000000
     6.250  0.260421  0.709437  0.030142
     6.500  0.243572  0.706622  0.049805
00140300  3  9           Bozoian GNASH Calculations, FY89 *
  -3.49231     0.000     0.840     1.966
     0.000  1.000000  0.000000  0.000000
     4.910  1.000000  0.000000  0.000000
     5.000  0.943891  0.056109  0.000000
     5.250  0.870079  0.129921  0.000000
     5.500  0.839785  0.160215  0.000000
     5.750  0.827323  0.172677  0.000000
     6.000  0.822319  0.177681  0.000000
     6.250  0.768226  0.173965  0.057809
     6.500  0.647442  0.156893  0.195665
00150310  2  2           Threshold, L&S
  -5.649       0.000   0.14636
     0.000  1.000000  0.000000
     6.500  1.000000  0.000000
00170370  7 14           Bozoian GNASH Calculations, FY89 *
-3.87309  0.        0.0296    0.8001    0.8916    1.6437    1.9590    2.0474
 0.       1.        0.        0.        0.        0.        0.        0.
 4.325    1.        0.        0.        0.        0.        0.        0.
 4.5      0.2618    0.7382    0.        0.        0.        0.        0.
 4.75     0.2709    0.7291    0.        0.        0.        0.        0.
 5.0      0.2978    0.7022    0.        0.        0.        0.        0.
 5.178    0.3181    0.6819    0.        0.        0.        0.        0.
 5.280    0.2856    0.5413    0.1731    0.        0.        0.        0.
 5.5      0.2557    0.4585    0.2485    0.0373    0.        0.        0.
 5.75     0.2555    0.4206    0.2752    0.0487    0.        0.        0.
 6.0      0.2632    0.4012    0.2757    0.0599    0.        0.        0.
 6.113    0.2661    0.3931    0.2739    0.0669    0.        0.        0.
 6.25     0.2663    0.3795    0.2636    0.0751    0.0155    0.        0.
 6.463    0.2684    0.3637    0.2568    0.0883    0.0228    0.        0.
 6.5      0.2640    0.3512    0.2465    0.0899    0.0235    0.0249    0.

