  1 Stopping Cross Section Fit Coefficients      12/8/88 wbw
  2   Fits by Ziegler for Z.le.92
  3        by Perry and Wilson to data extension of Ziegler
  4        using data of Northcliffe and Schilling for 93.le.Z.le.105
 
  1 0.9661  0.4126  6.92    8.831   2.582   2.371   0.5462  -.07932 -.006853
    0.39    0.63    4.17    85.55   19.55
  2 2.027   0.2931  26.34   6.66    0.3409  2.809   0.4847  -.08756 -.007281
    0.58    0.59    6.3     130.    44.07
  3 1.42    0.49    12.25   32.     9.161   3.095   0.4434  -.09259 -.007459
    15.23   0.1076  10.14   1232.   31.24
  4 2.206   0.51    15.32   0.25    8.995   3.28    0.4188  -.09564 -.007604
    0.      0.      0.      0.      0.
  5 3.691   0.4128  18.48   50.72   9.      3.426   0.4     -.09796 -.007715
    0.      0.      0.      0.      0.
  6 4.232   0.3877  22.99   35.     7.993   3.588   0.3921  -.09935 -.007804
    3.47    0.4885  22.37   36.41   7.993
  7 2.51    0.4752  38.26   13.02   1.892   3.759   0.4094  -.09646 -.007661
    2.      0.548   29.82   18.11   4.37
  8 1.766   0.5261  37.11   15.24   2.804   3.782   0.3734  -.1011  -.007874
    2.717   0.4858  32.88   25.88   4.336
  9 1.533   0.531   40.44   18.41   2.718   3.816   0.3504  -.1046  -.008074
    2.616   0.4708  41.2    28.07   2.458
 10 1.183   0.55    39.83   17.49   4.001   3.863   0.3342  -.1072  -.008231
    2.303   0.4861  37.01   37.96   5.092
 11 9.894   0.3081  23.65   0.384   92.93   3.898   0.3191  -.1086  -.008271
    13.03   0.2685  35.65   44.18   9.175
 12 4.3     0.47    34.3    3.3     12.74   3.961   0.314   -.1091  -.008297
    0.      0.      0.      0.      0.
 13 2.5     0.625   45.7    0.1     4.359   4.024   0.3113  -.1093  -.008306
    0.      0.      0.      0.      0.
 14 2.1     0.65    49.34   1.788   4.133   4.077   0.3074  -.1089  -.008219
    0.      0.      0.      0.      0.
 15 1.729   0.6562  53.41   2.405   3.845   4.124   0.3023  -.1094  -.00824
    0.      0.      0.      0.      0.
 16 1.402   0.6791  58.98   3.528   3.211   4.164   0.2964  -.1101  -.008267
    3.116   0.5988  53.71   5.632   4.536
 17 1.117   0.7044  69.69   3.705   2.156   4.21    0.2936  -.1103  -.00827
    3.365   0.571   63.67   6.182   2.969
 18 0.9172  0.724   79.44   3.648   1.646   4.261   0.2994  -.1085  -.008145
    2.291   0.6284  73.88   4.478   2.066
 19 8.554   0.3817  83.61   11.84   1.875   4.3     0.2903  -.1103  -.008259
    16.6    0.3095  99.1    10.98   1.092
 20 6.297   0.4622  65.39   10.14   5.036   4.344   0.2897  -.1102  -.008245
    0.      0.      0.      0.      0.
 21 5.307   0.4918  61.74   12.4    6.665   4.327   0.2707  -.1127  -.00837
    0.      0.      0.      0.      0.
 22 4.71    0.5087  65.28   8.806   5.948   4.34    0.2618  -.1138  -.00842
    0.      0.      0.      0.      0.
 23 6.151   0.4524  83.     18.31   2.71    4.361   0.2559  -.1145  -.008447
    0.      0.      0.      0.      0.
 24 6.57    0.4322  84.76   15.53   2.779   4.349   0.24    -.1166  -.00855
    0.      0.      0.      0.      0.
 25 5.738   0.4492  84.61   14.18   3.101   4.362   0.2327  -.1174  -.008588
    0.      0.      0.      0.      0.
 26 5.013   0.4707  85.58   16.55   3.211   4.375   0.2253  -.1185  -.008648
    0.      0.      0.      0.      0.
 27 4.32    0.4947  76.14   10.85   5.441   4.362   0.2069  -0.1214 -0.008815
    0.      0.      0.      0.      0.
 28 4.652   0.4571  80.73   22      4.952   4.346   0.1857  -0.1249 -0.009021
    0.      0.      0.      0.      0.
 29 3.114   0.5236  76.67   7.62    6.385   4.355   0.18    -0.1255 -0.009045
    0.      0.      0.      0.      0.
 30 3.114   0.5236  76.67   7.62    7.502   4.389   0.1806  -0.1253 -0.009028
    0.      0.      0.      0.      0.
 31 3.114   0.5236  76.67   7.62    8.514   4.407   0.1759  -0.1258 -0.009054
    0.      0.      0.      0.      0.
 32 5.746   0.4662  79.24   1.185   7.993   4.419   0.1694  -0.1267 -0.009094
    0.      0.      0.      0.      0.
 33 2.792   0.6346  106.1   0.2986  2.331   4.412   0.1545  -0.1289 -0.009202
    0.      0.      0.      0.      0.
 34 4.667   0.5095  124.3   2.102   1.667   4.419   0.1448  -0.1303 -0.009269
    0.      0.      0.      0.      0.
 35 2.44    0.6346  105.    0.83    2.851   4.436   0.1443  -0.1299 -0.009229
    1.65    0.7     148.1   1.47    0.9686
 36 1.491   0.7118  120.6   1.101   1.877   4.478   0.1608  -0.1262 -0.008983
    1.413   0.7377  147.9   1.466   1.016
 37 11.72   0.3826  102.8   9.231   4.371   4.489   0.1517  -0.1278 -0.009078
    0.      0.      0.      0.      0.
 38 7.126   0.4804  119.3   5.784   2.454   4.514   0.1551  -0.1268 -0.009005
    0.      0.      0.      0.      0.
 39 11.61   0.3955  146.7   7.031   1.423   4.533   0.1568  -0.1261 -0.008945
    0.      0.      0.      0.      0.
 40 10.99   0.41    163.9   7.1     1.052   4.548   0.1572  -0.1256 -0.008901
    0.      0.      0.      0.      0.
 41 9.241   0.4275  163.1   7.954   1.102   4.553   0.1544  -0.1255 -0.008883
    0.      0.      0.      0.      0.
 42 9.276   0.418   157.1   8.038   1.29    4.548   0.1485  -0.1259 -0.008889
    0.      0.      0.      0.      0.
 43 3.999   0.6152  97.6    1.297   5.792   4.489   0.1128  -0.1309 -0.009107
    0.      0.      0.      0.      0.
 44 4.306   0.5658  97.99   5.514   5.754   4.402   0.06656 -0.1375 -0.009421
    0.      0.      0.      0.      0.
 45 3.615   0.6197  86.26   0.333   8.689   4.292   0.01012 -0.1459 -0.009835
    0.      0.      0.      0.      0.
 46 5.8     0.49    147.2   6.903   1.289   4.187  -0.04539 -0.1542 -0.01025
    0.      0.      0.      0.      0.
 47 5.6     0.49    130.    10.     2.844   4.577   0.13    -0.1285 -0.009067
    0.      0.      0.      0.      0.
 48 3.55    0.6068  124.7   1.112   3.119   4.583   0.1253  -0.1291 -0.009084
    0.      0.      0.      0.      0.
 49 3.6     0.62    105.8   0.1692  6.026   4.58    0.1174  -0.1301 -0.009129
    0.      0.      0.      0.      0.
 50 5.4     0.53    103.1   3.931   7.767   4.581   0.111   -0.1309 -0.009161
    0.      0.      0.      0.      0.
 51 3.97    0.6459  131.8   0.2233  2.723   4.582   0.1046  -0.1317 -0.009193
    0.      0.      0.      0.      0.
 52 3.65    0.64    126.8   0.6834  3.411   4.6     0.1052  -0.1315 -0.009178
    0.      0.      0.      0.      0.
 53 3.118   0.6519  164.9   1.208   1.51    4.614   0.1043  -0.1315 -0.009175
    4.13    0.6177  152.    2.516   1.938
 54 2.031   0.7181  153.1   1.362   1.958   4.619   0.09769 -0.1325 -0.009231
    3.949   0.6209  200.5   1.878   0.9126
 55 14.4    0.3923  152.5   8.354   2.597   4.671   0.1136  -0.1298 -0.009078
    25.84   0.3139  335.1   2.946   0.3347
 56 10.99   0.4599  138.4   4.811   3.726   4.706   0.1206  -0.1287 -0.009009
    0.      0.      0.      0.      0.
 57 16.6    0.3773  224.1   6.28    0.9121  4.732   0.1244  -0.128  -0.008968
    0.      0.      0.      0.      0.
 58 10.54   0.4533  159.3   4.832   2.529   4.722   0.1156  -0.1292 -0.00903
    0.      0.      0.      0.      0.
 59 10.33   0.4502  162.    5.132   2.444   4.71    0.106   -0.1305 -0.0091
    0.      0.      0.      0.      0.
 60 10.15   0.4471  165.6   5.378   2.328   4.698   0.09647 -0.1319 -0.009169
    0.      0.      0.      0.      0.
 61 9.976   0.4439  168.    5.721   2.258   4.681   0.08536 -0.1335 -0.009252
    0.      0.      0.      0.      0.
 62 9.804   0.4408  176.2   5.675   1.997   4.676   0.07819 -0.1345 -0.009302
    0.      0.      0.      0.      0.
 63 14.22   0.363   228.4   7.024   1.016   4.663   0.06867 -0.1358 -0.009373
    0.      0.      0.      0.      0.
 64 9.952   0.4318  233.5   5.065   0.9244  4.676   0.06861 -0.1357 -0.009363
    0.      0.      0.      0.      0.
 65 9.272   0.4345  210.    4.911   1.258   4.649   0.05362 -0.1379 -0.00948
    0.      0.      0.      0.      0.
 66 10.13   0.4146  225.7   5.525   1.055   4.634   0.04335 -0.1394 -0.009558
    0.      0.      0.      0.      0.
 67 8.949   0.4304  213.3   5.071   1.221   4.603   0.02679 -0.1418 -0.00969
    0.      0.      0.      0.      0.
 68 11.94   0.3783  247.2   6.655   0.849   4.584   0.01494 -0.1436 -0.009783
    0.      0.      0.      0.      0.
 69 8.472   0.4405  195.5   4.051   1.604   4.576  0.007043 -0.1447 -0.009841
    0.      0.      0.      0.      0.
 70 8.301   0.4399  203.7   3.667   1.459   4.571  .0007046 -0.1456 -0.009886
    0.      0.      0.      0.      0.
 71 6.567   0.4858  193.    2.65    1.66    4.566  -.005626 -0.1464 -0.00993
    0.      0.      0.      0.      0.
 72 5.951   0.5016  196.1   2.662   1.589   4.561  -0.01197 -0.1473 -0.009975
    0.      0.      0.      0.      0.
 73 7.495   0.4523  251.4   3.433   0.8619  4.572   -0.012  -0.1472 -0.009965
    0.      0.      0.      0.      0.
 74 6.335   0.4825  255.1   2.834   0.8228  4.569  -0.01755 -0.148 -0.01
    0.      0.      0.      0.      0.
 75 4.314   0.5558  214.8   2.354   1.263   4.573  -0.01992 -0.1482 -0.01001
    0.      0.      0.      0.      0.
 76 4.02    0.5681  219.9   2.402   1.191   4.57   -0.02547 -0.149 -0.01005
    0.      0.      0.      0.      0.
 77 3.836   0.5765  210.2   2.742   1.305   4.528  -0.04613 -0.1521 -0.01022
    0.      0.      0.      0.      0.
 78 4.68    0.5247  244.7   2.749   0.8962  4.494   -0.0637 -0.1548 -0.01037
    0.      0.      0.      0.      0.
 79 3.223   0.5883  232.7   2.954   1.05    4.564   -0.027  -0.1471 -0.009852
    0.      0.      0.      0.      0.
 80 2.892   0.6204  208.6   2.415   1.416   4.546  -0.04963 -0.1523 -0.01022
    8.15    0.4745  269.2   2.392   0.7467
 81 4.728   0.5522  217.    3.091   1.386   4.594  -0.03339 -0.1496 -0.01006
    0.      0.      0.      0.      0.
 82 6.18    0.52    170.    4.      3.224   4.608  -0.02886 -0.1485 -0.00999
    0.      0.      0.      0.      0.
 83 9.      0.47    198.    3.8     2.032   4.624  -0.02639 -0.1481 -0.009971
    0.      0.      0.      0.      0.
 84 2.324   0.6997  216.    1.599   1.399   4.636   -.02422 -.1477  -.009939
    0.      0.      0.      0.      0.
 85 1.961   0.7286  223.    1.621   1.296   4.648  -0.02172 -0.1471 -0.009903
    0.      0.      0.      0.      0.
 86 1.75    0.7427  350.1   0.9789  0.5507  4.662   -0.1192 -0.1752 -0.01196
    4.822   0.605   418.3   0.8335  0.3865
 87 10.31   0.4613  261.2   4.738   0.9899  4.69   -.009867 -0.1449 -0.009771
    0.      0.      0.      0.      0.
 88 7.962   0.519   235.7   4.347   1.313   4.715  -.002113 -.1435  -.009689
    0.      0.      0.      0.      0.
 89 6.227   0.5645  231.9   3.961   1.379   4.729  0.001392 -0.1428 -0.009644
    0.      0.      0.      0.      0.
 90 5.246   0.5947  228.6   4.027   1.432   4.729  -5.983-4 -0.143 -0.009647
    0.      0.      0.      0.      0.
 91 5.408   0.5811  235.7   3.961   1.358   4.738  0.001075 -0.1425 -0.009618
    0.      0.      0.      0.      0.
 92 5.218   0.5828  245.    3.838   1.25    4.751  0.004244 -.1419  -.009576
    0.      0.      0.      0.      0.
 93 5.1585  0.58103 293.81  2.9737  0.7615  4.7262  0.00138 -.1416  -.009522
    0.      0.      0.      0.      0.
 94 5.1461  0.58105 294.381 2.96345 0.76115 4.72458 2.78e-5 -.14165 -.0095
    0.      0.      0.      0.      0.
 95 5.17641 0.58108 297.442 2.95272 0.76057 4.59702 5.58e-7 -.11842 -.0058416
    0.      0.      0.      0.      0.
 96 5.16309 0.58113 298.059 2.94208 0.76000 4.59856 1.12e-8 -.11842 -.0058416
    0.      0.      0.      0.      0.
 97 5.15040 0.58119 298.677 2.93042 0.75935 4.60001 2.2e-10 -.11842 -.0058262
    0.      0.      0.      0.      0.
 98 5.17977 0.58121 301.689 2.91974 0.75849 4.61200 1.12e-8 -.11882 -.0059030
    0.      0.      0.      0.      0.
 99 5.16334 0.58145 302.744 2.89793 0.75482 4.61343 2.2e-10 -.11882 -.0059034
    0.      0.      0.      0.      0.
100 5.15203 0.58145 303.357 2.88928 0.75407 4.61356 4.7e-12 -.11877 -.0059099
    0.      0.      0.      0.      0.
101 5.16074 0.58145 305.176 2.87985 0.75318 4.61395 9.37-14 -.11874 -.0059643
    0.      0.      0.      0.      0.
102 5.12941 0.58146 304.617 2.87129 0.75236 4.61811 1.87-15 -.11885 -.0059054
    0.      0.      0.      0.      0.
103 5.09837 0.58149 304.145 2.86115 0.75148 4.61803 1.87-15 -.11880 -.0058649
    0.      0.      0.      0.      0.
104 5.06462 0.58169 304.611 2.83662 0.74411 4.61787 1.87-15 -.11875 -.0058257
    0.      0.      0.      0.      0.
105 5.03551 0.58167 304.029 2.82987 0.74344 4.61764 1.87-15 -.11870 -.0057876
    0.      0.      0.      0.      0.

